==
== Vehicle Routing Solution Submission 
==
Hello! These are the assignment parts that you can submit:
1) Vehicle Routing Problem 1
2) Vehicle Routing Problem 2
3) Vehicle Routing Problem 3
4) Vehicle Routing Problem 4
5) Vehicle Routing Problem 5
6) Vehicle Routing Problem 6
0) All
Please enter which part(s) you want to submit (0-6): 0
Submitting: 
284.10 0
0 12 5 9 10 15 4 0
0 13 14 7 8 0
0 6 1 3 2 11 0

Submitting: 
762.18 0
0 3 11 0
0 10 15 0
0 23 22 2 4 25 0
0 7 16 13 21 6 0
0 1 14 19 0
0 5 20 0
0 24 18 9 0
0 17 12 8 0

Submitting: 
584.87 0
0 4 19 40 41 13 25 14 24 43 6 0
0 46 38 49 10 30 39 33 45 15 44 42 37 0
0 1 3 36 35 20 29 21 34 50 9 16 0
0 2 22 28 31 8 26 7 23 48 27 0
0 32 11 5 12 17 18 47 0

Submitting: 
926.62 0
0 10 13 17 19 18 36 39 38 37 32 0
0 69 68 54 53 56 58 60 59 40 41 0
0 80 79 77 73 70 71 76 78 81 82 87 90 0
0 23 26 28 30 29 34 33 35 31 51 50 52 49 47 0
0 7 8 11 15 16 14 12 9 6 4 0
0 66 64 61 72 55 57 44 45 48 46 42 43 0
0 21 22 25 27 24 20 0
0 5 3 1 2 98 88 85 84 83 86 89 91 0
0 63 74 62 65 67 0
0 75 99 100 97 93 92 94 95 96 0

Submitting: 
1473.75 0
0 68 121 29 169 34 164 35 120 78 129 77 196 0
0 176 1 50 102 157 33 81 185 79 158 3 116 0
0 194 19 36 143 49 64 181 63 126 90 32 131 20 69 27 0
0 73 74 56 186 23 67 170 25 55 165 130 54 149 26 0
0 9 161 71 135 136 65 66 128 188 103 51 0
0 76 184 12 109 177 80 150 163 24 134 179 195 154 0
0 162 10 189 108 160 30 122 70 101 132 111 138 28 0
0 156 183 96 99 104 98 193 191 141 44 192 42 172 137 0
0 58 152 2 115 41 22 133 75 171 180 40 53 0
0 146 148 62 159 11 175 107 123 168 47 112 0
0 145 15 43 142 14 119 38 140 86 61 85 91 100 92 0
0 166 118 5 173 84 60 83 199 174 8 114 82 52 0
0 147 89 18 153 7 182 88 31 190 127 167 0
0 95 93 16 113 17 125 45 46 124 48 106 0
0 13 178 57 144 87 117 97 151 37 59 94 6 0
0 21 72 197 39 187 139 155 4 110 198 105 0