Submitting: 
284.10 0
0 12 5 9 10 15 4 0
0 13 14 7 8 0
0 6 1 3 2 11 0

Submitting: 
762.18 0
0 3 11 0
0 10 15 0
0 23 22 2 4 25 0
0 7 16 13 21 6 0
0 1 14 19 0
0 5 20 0
0 24 18 9 0
0 17 12 8 0

Submitting: 
584.87 0
0 4 19 40 41 13 25 14 24 43 6 0
0 46 38 49 10 30 39 33 45 15 44 42 37 0
0 1 3 36 35 20 29 21 34 50 9 16 0
0 2 22 28 31 8 26 7 23 48 27 0
0 32 11 5 12 17 18 47 0

Submitting: 
926.62 0
0 10 13 17 19 18 36 39 38 37 32 0
0 69 68 54 53 56 58 60 59 40 41 0
0 80 79 77 73 70 71 76 78 81 82 87 90 0
0 23 26 28 30 29 34 33 35 31 51 50 52 49 47 0
0 7 8 11 15 16 14 12 9 6 4 0
0 66 64 61 72 55 57 44 45 48 46 42 43 0
0 21 22 25 27 24 20 0
0 5 3 1 2 98 88 85 84 83 86 89 91 0
0 63 74 62 65 67 0
0 75 99 100 97 93 92 94 95 96 0

Submitting: 
1473.75 0
0 68 121 29 169 34 164 35 120 78 129 77 196 0
0 176 1 50 102 157 33 81 185 79 158 3 116 0
0 194 19 36 143 49 64 181 63 126 90 32 131 20 69 27 0
0 73 74 56 186 23 67 170 25 55 165 130 54 149 26 0
0 9 161 71 135 136 65 66 128 188 103 51 0
0 76 184 12 109 177 80 150 163 24 134 179 195 154 0
0 162 10 189 108 160 30 122 70 101 132 111 138 28 0
0 156 183 96 99 104 98 193 191 141 44 192 42 172 137 0
0 58 152 2 115 41 22 133 75 171 180 40 53 0
0 146 148 62 159 11 175 107 123 168 47 112 0
0 145 15 43 142 14 119 38 140 86 61 85 91 100 92 0
0 166 118 5 173 84 60 83 199 174 8 114 82 52 0
0 147 89 18 153 7 182 88 31 190 127 167 0
0 95 93 16 113 17 125 45 46 124 48 106 0
0 13 178 57 144 87 117 97 151 37 59 94 6 0
0 21 72 197 39 187 139 155 4 110 198 105 0

Submitting: 
1959.59 0
0 195 255 315 316 311 419 371 376 375 374 0
0 87 147 212 247 327 326 325 380 361 373 322 262 202 0
0 221 276 336 281 282 342 401 402 343 249 288 287 228 0
0 142 263 264 323 382 383 384 366 379 378 377 372 312 0
0 224 284 289 344 304 349 404 364 397 337 286 217 166 46 0
0 48 108 69 168 227 226 167 107 106 97 4 0
0 165 176 295 355 296 190 236 130 70 0
0 1 121 181 241 260 200 140 80 0
0 136 256 251 359 418 358 299 191 239 178 59 0
0 38 159 219 279 280 248 335 394 393 388 333 273 208 0
0 40 8 100 68 95 154 94 35 34 0
0 52 57 172 232 245 345 305 352 297 292 237 177 58 0
0 98 158 218 278 339 399 400 368 395 308 340 160 0
0 18 137 197 252 240 300 353 293 233 134 173 74 14 0
0 179 238 298 357 412 417 365 405 354 235 175 174 225 0
0 33 93 153 213 214 242 321 270 211 152 92 91 31 0
0 193 253 313 301 265 266 187 207 206 145 85 25 0
0 112 125 185 119 11 113 420 53 0
0 19 79 199 259 246 324 306 319 318 317 257 138 0
0 27 7 67 127 146 86 26 0
0 15 16 75 76 135 196 131 71 118 117 0
0 20 205 320 385 386 307 387 367 392 391 332 267 0
0 41 156 161 216 243 183 123 63 0
0 155 128 215 274 334 275 188 220 99 39 0
0 36 3 101 102 103 43 42 65 5 0
0 44 104 164 244 184 124 64 37 0
0 409 410 411 370 416 310 356 415 414 294 285 234 0
0 29 89 149 209 269 329 338 389 398 363 396 341 303 96 0
0 194 254 314 413 360 258 186 204 203 133 82 73 0
0 24 143 144 126 198 139 66 84 6 0
0 28 88 62 81 90 32 61 83 23 22 13 0
0 45 105 54 55 114 115 116 170 111 10 56 51 50 0
0 49 109 169 229 230 290 350 351 250 291 231 171 110 0
0 21 30 150 151 210 261 182 122 148 2 0
0 60 120 180 192 78 77 132 72 17 12 0
0 157 277 346 347 406 407 348 309 408 369 403 283 0
0 47 9 163 129 189 223 222 162 0
0 141 201 271 272 331 390 330 381 362 302 328 268 0
0 0
0 0
0 0